[ 161.0 197.0 164.0 192.0 232.0 217.0 127.0 169.0 132.0 135.0 ]
[ 235.0 234.0 336.0 327.0 274.0 345.0 217.0 282.0 209.0 141.0 ]
[ 202.0 230.0 293.0 246.0 176.0 233.0 168.0 243.0 154.0 79.0 ]
[ 129.0 165.0 158.0 214.0 151.0 151.0 100.0 134.0 139.0 68.0 ]
[ 203.0 172.0 199.0 231.0 203.0 252.0 186.0 238.0 158.0 103.0 ]
[ 210.0 274.0 220.0 199.0 226.0 204.0 134.0 194.0 169.0 114.0 ]
[ 209.0 220.0 236.0 232.0 281.0 301.0 188.0 252.0 136.0 156.0 ]
[ 179.0 203.0 223.0 208.0 199.0 202.0 137.0 209.0 143.0 82.0 ]
[ 168.0 192.0 208.0 247.0 209.0 226.0 132.0 180.0 173.0 114.0 ]
[ 182.0 167.0 160.0 175.0 130.0 168.0 125.0 170.0 130.0 45.0 ]
