[ 3125.0 1.0 27.0 27.0 823543.0 387420480.0 27.0 3125.0 4.0 256.0 ]
[ 823543.0 46656.0 16777216.0 16777216.0 1.0 46656.0 823543.0 823543.0 16777216.0 1.0 ]
[ 3125.0 387420480.0 16777216.0 387420480.0 256.0 27.0 1.0 27.0 3125.0 1.0 ]
[ 4.0 27.0 16777216.0 1.0 27.0 27.0 27.0 823543.0 1.0 1.0 ]
[ 387420480.0 387420480.0 1.0 256.0 823543.0 27.0 4.0 823543.0 4.0 1.0 ]
[ 1.0 256.0 3125.0 3125.0 46656.0 16777216.0 256.0 1.0 256.0 387420480.0 ]
[ 16777216.0 1.0 1.0 823543.0 387420480.0 387420480.0 27.0 46656.0 823543.0 4.0 ]
[ 1.0 27.0 3125.0 387420480.0 256.0 256.0 46656.0 256.0 256.0 27.0 ]
[ 256.0 256.0 16777216.0 256.0 27.0 823543.0 3125.0 3125.0 1.0 1.0 ]
[ 3125.0 387420480.0 27.0 1.0 3125.0 1.0 1.0 4.0 256.0 4.0 ]
